met1;406
met1p;407
met2;59
met4;64000
met8;27
BlackPixels;217
